9235
9096 637
973 3269 7039
3399 3350 4788 7546
1739 8032 9427 976 2476
703 9642 4232 1890 704 6463
9601 1921 5655 1119 3115 5920 1808
645 3674 246 2023 4440 9607 4112 3215
660 6345 323 1664 2331 7452 3794 7679 3102
1383 3058 755 1677 8032 2408 2592 2138 2373 8718
8117 4602 7324 7545 4014 6970 4342 7682 150 3856 8177
1966 1782 3248 1745 4864 9443 4900 8115 4120 9015 7040 9258
4572 6637 9558 5366 7156 1848 2524 4337 5049 7608 8639 8301 1939
7714 6996 2968 4473 541 3388 5992 2092 2973 9367 2573 2658 9965 8168
67 1546 3243 752 8497 5215 7319 9245 574 7634 2223 8296 3044 9445 120
7064 1045 5210 7347 5870 8487 3701 4301 1899 441 9828 3076 7769 8008 4496 6796
5256 2199 464 5164 4039 1014 8099 7932 1909 3051 4805 1698 8578 1771 5889 5711 9967
6830 2603 9256 3629 2793 5219 6534 8838 944 5113 4981 6811 6958 48 9463 7477 5723 1111
7907 9312 4756 8096 3564 7809 9326 2502 5346 6383 5658 3791 423 701 3417 5042 2669 3759 5017
8754 6389 4368 7284 2150 7288 6145 459 4079 1631 7595 620 2350 171 6401 4222 1182 5561 2669 7641
3335 696 6551 360 454 708 5378 7750 8156 3187 4263 8282 9494 9607 1989 435 1558 5920 909 6567 5174
